"myAUC"	"avg_diff"	"power"	"pct.1"	"pct.2"
"EBF1/2/3/4"	0.999	4.55017650762145	0.998	1	0.154
"KH2013:KH.C4.506_HMCN1"	0.997	3.15946392561904	0.994	1	0.785
"KH2013:KH.C11.139"	0.994	4.9194716369808	0.988	0.993	0.231
"KH2013:KH.L25.4"	0.994	4.65559484839324	0.988	0.993	0.062
"KH2013:KH.C2.994_RNF149"	0.009	-2.50672996945036	0.982	0.785	1
"DCDC2B"	0.989	4.12754281545718	0.978	0.986	0.154
"SLIT1/2/3"	0.012	-3.62564752159249	0.976	0.229	1
"KH2013:KH.C5.62_ODF3L2"	0.988	4.19261819023199	0.976	0.986	0.108
"KH2013:KH.C3.665_ZAN"	0.013	-3.61027732046874	0.974	0.465	0.985
"KH2013:KH.C4.547_BMP2/4"	0.014	-3.53988405278954	0.972	0.194	0.985
"KH2013:KH.S1269.1"	0.983	3.046282299282	0.966	0.993	0.292
"GATA4/5/6"	0.018	-3.49580041725483	0.964	0.229	0.985
"BDH1"	0.981	3.23699271542978	0.962	0.986	0.215
"KH2013:KH.C1.479_NEB"	0.02	-2.46864720579795	0.96	0.5	1
"KH2013:KH.C11.378_CLDN1/10/14/19/2/3/4/5/6/7/9"	0.02	-2.19682827281617	0.96	0.944	1
"NOVA1/2"	0.98	2.9400567459463	0.96	1	0.215
"SCP1"	0.978	4.53912243541018	0.956	0.958	0.046
"Ci-R1CiGC27a04"	0.029	-4.1885238886342	0.942	0.125	0.954
"KH2013:KH.C1.738_CG9550"	0.031	-2.10689353202763	0.938	0.84	0.985
"KH2013:KH.C8.892_TUB1/3"	0.967	2.79958114132467	0.934	0.993	0.508
"KH2013:KH.C7.205_ASB2"	0.037	-3.07581360294941	0.926	0.299	0.969
"NKX2-3"	0.037	-3.49855188331099	0.926	0.146	0.954
"QKI"	0.037	-2.15886110628869	0.926	0.771	0.985
"KH2013:KH.C5.522_SLC6A13"	0.962	3.94798541139322	0.924	0.931	0.092
"KH2013:KH.C1.953_CG32702"	0.039	-4.41586954713721	0.922	0.125	0.938
"NAV1"	0.04	-2.94883733187408	0.92	0.118	0.954
"UBE2QL1"	0.957	2.59110299202782	0.914	0.972	0.369
"KH2013:KH.C5.227_F56C4.4"	0.044	-2.31575331071796	0.912	0.979	1
"KH2013:KH.L18.10_THSD7A"	0.956	2.56893483204282	0.912	0.972	0.231
"KH2013:KH.C2.514_ENPP1/2/3"	0.047	-1.08350764832477	0.906	1	1
"MTDH"	0.047	-1.39516320574592	0.906	0.986	1
"BMP5/6/7"	0.049	-3.44687612152633	0.902	0.201	0.938
"SFRP1/5"	0.049	-3.88447822880115	0.902	0.076	0.923
"ELK1/3/4"	0.949	3.53929340856113	0.898	0.917	0.108
"PCBP3"	0.948	2.39251759539085	0.896	0.965	0.169
"KH2013:KH.C9.650_SULT1ST1/2/3/4"	0.055	-1.59481355534359	0.89	0.861	1
"LRP4/8"	0.056	-2.75923752560955	0.888	0.111	0.938
"NTN1/2/3/5"	0.058	-4.60269153387418	0.884	0.049	0.892
"SLC35G2/6"	0.942	4.20086939777988	0.884	0.903	0.108
"KH2013:KH.L154.26_CSMD2"	0.942	3.07773364559669	0.884	0.938	0.277
"TIMP1/2/3/4"	0.941	4.46138212725438	0.882	0.903	0.123
"MMP14/15/16/24"	0.94	2.20824742531843	0.88	0.979	0.308
"MYO10"	0.939	3.24084145703263	0.878	0.889	0.108
"PALLD"	0.937	2.70289840512762	0.874	0.951	0.2
"KH2013:KH.C10.203"	0.063	-3.29732425347078	0.874	0.153	0.923
"KH2013:KH.C3.191_WBSCR27"	0.065	-2.86697594088267	0.87	0.333	0.938
"KH2013:KH.C8.782_LPHN1/2/3"	0.934	2.13103683285738	0.868	0.986	0.554
"KH2013:KH.C6.201"	0.933	4.35797588912499	0.866	0.875	0.031
"KH2013:KH.C10.174"	0.067	-3.03793764727941	0.866	0.243	0.923
"KH2013:KH.C5.127_FMO1"	0.931	4.04713411391697	0.862	0.868	0.092
"MMP21"	0.07	-4.10337773970978	0.86	0.069	0.877
"KH2013:KH.C1.50_CHDH"	0.074	-1.61181771293736	0.852	0.896	0.969
"Ci-R1CiGC09b24;"	0.925	1.66191908621153	0.85	0.986	0.954
"C5ORF48"	0.075	-3.33046555235361	0.85	0.125	0.892
"KH2013:KH.C5.553_FMO1"	0.924	3.33890933807869	0.848	0.889	0.138
"FRAS1"	0.076	-2.99409833070997	0.848	0.076	0.831
"SH3BGR"	0.076	-2.3096919059277	0.848	0.375	0.969
"KH2013:KH.C8.146"	0.922	2.35523179721959	0.844	0.944	0.323
"HAND/2"	0.919	2.91773981917896	0.838	0.91	0.2
"KH2013:KH.C2.209_CALM1/3"	0.081	-2.19449359620018	0.838	0.5	0.969
"SI:CH211-151O1.2"	0.918	2.57885755875848	0.836	0.903	0.231
"ALPPL2"	0.083	-3.21802502580176	0.834	0.16	0.892
"COL13A1"	0.084	-3.97015568485826	0.832	0.062	0.846
"TNS1/3"	0.085	-1.97260373223786	0.83	0.576	0.985
"SCYL"	0.087	-2.17502989100176	0.826	0.403	0.938
"TIMP4"	0.913	2.58430989377764	0.826	0.91	0.277
"KH2013:KH.C4.391_FRMD4A"	0.088	-2.08440826744412	0.824	0.431	0.954
"CG15828"	0.089	-1.1181947284702	0.822	0.972	1
"UNC5A"	0.09	-1.50672411017946	0.82	0.757	1
"KH2013:KH.C2.935_S1PR1/2/3/4/5"	0.091	-2.1463718611651	0.818	0.41	0.923
"GPR37"	0.091	-2.32210812029825	0.818	0.396	0.938
"EFNB1/2/3"	0.092	-2.45209182008161	0.816	0.215	0.923
"LYS2"	0.092	-2.64711167265578	0.816	0.181	0.862
"MOGAT1/2"	0.093	-2.90887633002482	0.814	0.257	0.877
"ARHGAP22/24/25"	0.907	2.58481878410414	0.814	0.896	0.185
"FGF16/20/22/3/9"	0.907	1.9901316343029	0.814	0.979	0.385
"HUNK"	0.906	1.62235963429	0.812	0.986	0.615
"GEL"	0.906	2.60451010656032	0.812	0.868	0.108
"LRRC4C"	0.097	-3.36001008113476	0.806	0.188	0.862
"KH2013:KH.L22.65"	0.903	3.54404757661468	0.806	0.84	0.154
"FOXG1"	0.099	-2.18453181778752	0.802	0.312	0.923
"IRX4/6"	0.9	1.96933688122144	0.8	0.944	0.246
"GLI1/2/3"	0.101	-2.59430951176733	0.798	0.076	0.815
"KH2013:KH.C8.467_SRP-1/2/3/6/7/8"	0.102	-1.38262808132324	0.796	0.944	1
"GALNT4"	0.893	2.6421445684688	0.786	0.861	0.185
"BX005256.5"	0.109	-2.29094434304891	0.782	0.458	0.938
"FRS2/3"	0.89	1.71525057570953	0.78	0.972	0.569
"TAOK1/2/3"	0.113	-1.39568134822672	0.774	0.882	0.969
"KH2013:KH.S2435.1_ASB2"	0.113	-2.52546610661904	0.774	0.139	0.754
"KH2013:KH.C12.244"	0.114	-4.74440670303816	0.772	0.042	0.785
"KH2013:KH.L170.64"	0.886	2.65591980380143	0.772	0.771	0.046
"KCND1/2/3"	0.885	2.10763776260478	0.77	0.868	0.308
"CDK5R1/2"	0.882	3.18732470952203	0.764	0.812	0.092
"RBM24/38"	0.882	4.03638475516124	0.764	0.785	0.062
"TMSB15A"	0.882	2.88500327627593	0.764	0.833	0.138
"RBFOX1/2/3"	0.881	1.56427426010597	0.762	1	0.892
"HLH-4"	0.88	1.83795174432887	0.76	0.951	0.415
"RHOF"	0.877	1.25100628777347	0.754	0.993	0.677
"FAM176C"	0.127	-1.7029115900156	0.746	0.562	0.969
"KH2013:KH.L76.5"	0.873	2.45265134313969	0.746	0.833	0.215
"KHK"	0.872	2.65649641525812	0.744	0.812	0.123
"KH2013:KH.C4.359_GPA33"	0.13	-1.41517150214393	0.74	0.84	0.985
"IPMK"	0.87	1.53372206890821	0.74	0.944	0.4
"SPECC1"	0.131	-1.97551955457001	0.738	0.625	0.923
"KH2013:KH.C3.716_EFNA1/2/3/4/5"	0.133	-2.35996068934564	0.734	0.285	0.862
"KH2013:KH.C7.805_ID1/2/3/4"	0.866	1.17658637670165	0.732	0.986	0.923
"RASSF10A"	0.135	-1.5772077519709	0.73	0.458	0.954
"KH2013:KH.C1.21_CG2781"	0.862	1.48716866792944	0.724	0.979	0.631
"C01B12.3/5"	0.859	2.64211375713966	0.718	0.75	0.046
"KH2013:KH.S1440.1_ACTA1/2"	0.859	1.93211307503603	0.718	0.979	0.846
"KH2013:KH.L18.114_CHDH"	0.858	1.15128098420616	0.716	0.986	0.631
"KH2013:KH.S1022.1_SLC20A2"	0.856	1.74417846949014	0.712	0.951	0.385
"WNT9B"	0.145	-4.02202399205641	0.71	0.076	0.738
"KH2013:KH.C1.1083_EPHA10/2/3/4/5/6/7/8"	0.147	-3.02319429869568	0.706	0.049	0.708
"CDH-4"	0.147	-1.39655124441348	0.706	0.91	0.985
"KH2013:KH.C11.362"	0.148	-2.6362507461828	0.704	0.208	0.8
"LAMA1/2"	0.149	-1.99229405875503	0.702	0.132	0.738
"PRODH/2"	0.149	-1.28245869283176	0.702	0.729	0.954
"RAPSN"	0.851	3.32980509506501	0.702	0.694	0.031
"KH2013:KH.C9.223_CDC42"	0.851	1.91809717103269	0.702	0.819	0.246
"ODZ1/2/3/4"	0.15	-1.62029509328702	0.7	0.528	0.908
"KH2013:KH.L96.11_TLE1/2/3/4"	0.85	2.42125651401608	0.7	0.688	0.062
"WNT10A"	0.151	-4.7089499548955	0.698	0.028	0.708
"PIM1/3"	0.849	1.67437552408034	0.698	0.826	0.262
"KH2013:KH.L48.1"	0.845	1.30294175304092	0.69	0.979	0.785
"KH2013:KH.C9.161"	0.157	-1.95962532907001	0.686	0.424	0.877
"KH2013:KH.L153.15"	0.157	-2.71840867201992	0.686	0.076	0.723
"KH2013:KH.C14.401"	0.843	4.03594254399183	0.686	0.701	0.031
"KH2013:KH.C8.164"	0.843	2.15161802753844	0.686	0.812	0.185
"NHS"	0.158	-2.2240607697473	0.684	0.292	0.846
"IRX1/2/3/5"	0.842	1.86866413877325	0.684	0.639	0.108
"DDR/1/2"	0.159	-1.74148010835582	0.682	0.424	0.862
"KH2013:KH.C5.48"	0.16	-3.38823181473145	0.68	0.09	0.723
"PARD3"	0.162	-1.61118498062522	0.676	0.507	0.877
"SPRY1/2/3/4"	0.838	1.39963662162337	0.676	0.896	0.292
"MCU"	0.838	1.66496734468494	0.676	0.875	0.385
"MYF5"	0.837	2.60894592678898	0.674	0.75	0.123
"KH2013:KH.C11.482"	0.164	-1.49320559903309	0.672	0.625	0.923
"KH2013:KH.C2.1142"	0.836	2.89875407440614	0.672	0.694	0.031
"NUS1"	0.835	1.55714419873551	0.67	0.896	0.385
"FOXP1/2/4"	0.166	-2.17463638760455	0.668	0.167	0.769
"KCNJ12/14/18/2/4"	0.833	2.94687095891659	0.666	0.743	0.2
"KH2013:KH.C3.354"	0.832	1.54117979819872	0.664	0.868	0.338
"DGKH"	0.831	1.47976113152378	0.662	0.785	0.169
"NAB1/2"	0.829	1.3548452569783	0.658	0.938	0.492
"TMSB15B1/2"	0.829	1.82818206292665	0.658	0.764	0.154
"SPSB1/4"	0.172	-1.48112668360491	0.656	0.903	0.985
"PLEKHA4/5/6"	0.173	-2.88629519299303	0.654	0.083	0.708
"MYO-1/2/3/5"	0.827	2.45249445623015	0.654	0.625	0.031
"KH2013:KH.C2.436_FUT8"	0.174	-2.55085146676644	0.652	0.167	0.738
"ADD1/2/3"	0.174	-1.4149587362441	0.652	0.729	0.908
"CISH"	0.174	-2.68855540094651	0.652	0.097	0.723
"SERPINB6C"	0.826	2.57749128357541	0.652	0.715	0.092
"KH2013:KH.C2.769"	0.826	2.26658659720021	0.652	0.674	0.062
"Ci-tune"	0.175	-1.44157333718915	0.65	0.639	0.908
"CAPN1/11/2/3/8/9"	0.825	1.461264381307	0.65	0.944	0.585
"KH2013:KH.C12.84_TRIM2"	0.176	-1.26059202153212	0.648	0.681	0.938
"ACVR1B"	0.176	-1.4132377555048	0.648	0.722	0.923
"KH2013:KH.C3.414_UBE2J1"	0.824	1.8354061979355	0.648	0.819	0.231
"KH2013:KH.L141.42_CILP/2"	0.824	3.2539305645586	0.648	0.674	0.046
"RBMS1/2/3"	0.179	-1.11726712110256	0.642	0.757	0.969
"HES1/2/4"	0.18	-1.83995811331138	0.64	0.062	0.677
"ATF3"	0.819	2.15067238762948	0.638	0.715	0.092
"GAL3ST1/4"	0.182	-3.02315370252009	0.636	0.146	0.708
"COL6A1/2/3/5/6"	0.818	3.66441551455904	0.636	0.646	0.031
"KAT6B"	0.183	-1.24606803135478	0.634	0.681	0.938
"IGF1/2"	0.183	-3.07026205347554	0.634	0.097	0.692
"CALML6"	0.817	3.79310092060206	0.634	0.667	0.046
"KH2013:KH.C9.319_PKD2"	0.817	1.59740622259247	0.634	0.847	0.415
"ZFPM1/2"	0.186	-3.31192163827747	0.628	0.042	0.554
"DCTN6"	0.187	-1.66922836032589	0.626	0.576	0.877
"SEPT12/3/9"	0.812	1.2882948255059	0.624	0.91	0.4
"ANO1/3/4/5/6/7"	0.811	2.9978283521782	0.622	0.653	0.046
"KH2013:KH.L96.80_SLC5A12/8"	0.189	-3.89243679133782	0.622	0.056	0.646
"CALD1"	0.808	1.10183957057603	0.616	0.958	0.785
"KH2013:KH.C8.489_SI:DKEY-29D8.3"	0.192	-1.96597434279888	0.616	0.306	0.785
"KH2013:KH.L116.40_ATP2A1/2"	0.192	-1.23255412859565	0.616	0.826	0.985
"FREM2/3"	0.193	-2.59901935660058	0.614	0.056	0.646
"KH2013:KH.C10.124"	0.804	1.88269608526578	0.608	0.674	0.108
"KCNH2/6/7"	0.197	-2.7557237600588	0.606	0.125	0.692
"KH2013:KH.C14.206_IRC24"	0.197	-1.45401931294449	0.606	0.569	0.877
"KH2013:KH.C9.186_PLCD1/3/4"	0.198	-3.37952205136886	0.604	0.049	0.585
"NKD1/2/3"	0.801	1.17139869590329	0.602	0.903	0.492
"KCNIP1/2/3/4"	0.8	3.24345922702795	0.6	0.646	0.077
"ANKRD32"	0.798	1.14049834328603	0.596	0.694	0.108
"KH2013:KH.C6.163_FLRT1/2/3"	0.798	1.65502076269703	0.596	0.771	0.231
"KH2013:KH.C7.388_CHRNB1"	0.798	2.53823612808806	0.596	0.674	0.2
"S1PR1/4"	0.797	3.00342125436296	0.594	0.66	0.123
"KH2013:KH.L170.62_SORD"	0.797	3.67958592481825	0.594	0.611	0.046
"ERG5"	0.204	-2.05504336606002	0.592	0.222	0.738
"HAND/1/2"	0.205	-1.53280189488048	0.59	0.493	0.831
"KH2013:KH.C12.419_TSPAN4/9"	0.795	1.01463542501609	0.59	0.986	0.677
"SMURF1/2"	0.794	1.34478037457373	0.588	0.875	0.415
"KH2013:KH.C5.299_CAPSL"	0.207	-1.89443647242352	0.586	0.34	0.754
"KH2013:KH.S1697.1"	0.791	2.84790765699439	0.582	0.528	0.031
"TMTC2"	0.789	2.51596104428409	0.578	0.604	0.092
"KH2013:KH.C7.649_ENPP7"	0.213	-1.09444494269153	0.574	0.778	0.908
"TCF7L1/2"	0.214	-1.28942863702075	0.572	0.736	0.908
"KH2013:KH.C4.517_HMCN1"	0.786	2.33747093885417	0.572	0.625	0.062
"KH2013:KH.C11.32"	0.784	3.3942759287467	0.568	0.597	0.046
"MYO18A"	0.217	-1.27510794438736	0.566	0.708	0.862
"SLC6A11/12/13/2/6/8"	0.783	1.09946008775914	0.566	0.938	0.523
"NAV1/2/3"	0.783	1.01915280206982	0.566	0.972	0.785
"KH2013:KH.C1.862"	0.218	-3.47804206817502	0.564	0.042	0.585
"SOX11/12/4"	0.218	-1.34711425776329	0.564	0.493	0.831
"RECK"	0.781	1.87806386695035	0.562	0.597	0.046
"KH2013:KH.C13.152_F14B6.6"	0.78	1.02238466015531	0.56	0.938	0.615
"C19ORF45"	0.78	3.40216964238511	0.56	0.583	0.062
"SYNE1/2"	0.221	-1.33779529196403	0.558	0.785	0.877
"KH2013:KH.C4.125_BMP2/4"	0.222	-1.57303430934977	0.556	0.389	0.8
"RAC1/2"	0.222	-1.00759560156814	0.556	0.812	0.985
"KH2013:KH.C10.566"	0.223	-1.9938320910708	0.554	0.299	0.738
"KH2013:KH.L20.50"	0.223	-3.98453691919583	0.554	0.028	0.569
"FOXH1"	0.225	-1.01463334382203	0.55	0.868	0.969
"GREM1/2"	0.226	-3.56526214775759	0.548	0.076	0.585
"NACP60E"	0.774	1.62920274763749	0.548	0.611	0.092
"MYLK2/3/4"	0.229	-3.81322499359654	0.542	0.049	0.569
"KH2013:KH.C7.216"	0.229	-1.27385389904316	0.542	0.535	0.846
"KH2013:KH.S1442.1"	0.229	-1.50058323460489	0.542	0.403	0.8
"KH2013:KH.S725.5"	0.23	-1.6915626209821	0.54	0.361	0.754
"DHCR7"	0.769	1.9305471679636	0.538	0.701	0.215
"KH2013:KH.C11.288_ITLN3"	0.233	-1.97058846780583	0.534	0.222	0.692
"FOXF1/2"	0.233	-1.27931599718114	0.534	0.375	0.815
"KH2013:KH.C12.376_Ci-cluster"	0.234	-2.38854908846342	0.532	0.194	0.646
"FZD4"	0.236	-3.42894166833542	0.528	0.042	0.554
"KH2013:KH.L170.56_C2ORF89"	0.236	-1.65616068051726	0.528	0.153	0.646
"KH2013:KH.C10.1"	0.763	1.84129936279315	0.526	0.604	0.154
"C14ORF159"	0.763	3.51177107305395	0.526	0.535	0.015
"NR4A1/3"	0.239	-2.50083177644399	0.522	0.056	0.569
"KH2013:KH.L106.3"	0.239	-4.1733746100191	0.522	0.028	0.538
"LGR4/5/6"	0.761	1.24891043735649	0.522	0.75	0.277
"KH2013:KH.C6.17_SLC2A1"	0.761	2.50684858642277	0.522	0.569	0.077
"NRBP1/2"	0.24	-1.37251386246382	0.52	0.681	0.923
"KH2013:KH.C1.509"	0.76	5.23688808818303	0.52	0.521	0
"KH2013:KH.C14.245_TMED6"	0.242	-1.95657749326897	0.516	0.354	0.723
"KH2013:KH.C2.22"	0.242	-1.77603908981007	0.516	0.34	0.708
"CAPN3/8"	0.756	1.0982538611668	0.512	0.778	0.323
"RALGPS1/2"	0.756	1.04089005237233	0.512	0.854	0.477
"SNX11"	0.245	-2.50949904859647	0.51	0.16	0.6
"LRTM1/2"	0.755	3.32192280334296	0.51	0.535	0.046
"PLEKHG4"	0.247	-1.21325596519135	0.506	0.604	0.831
"ANK1/2/3"	0.248	-2.02539064620581	0.504	0.257	0.646
"TRAF4"	0.248	-1.20496846594871	0.504	0.465	0.831
"KH2013:KH.C9.101"	0.249	-1.5876676850891	0.502	0.312	0.723
"PCTP"	0.251	-1.7655770344672	0.498	0.243	0.646
"CELF3/4/5/6"	0.251	-1.59939533082868	0.498	0.222	0.662
"KH2013:KH.C4.120"	0.748	1.05615159769963	0.496	0.729	0.277
"GM1840"	0.253	-1.35527353984676	0.494	0.514	0.785
"KH2013:KH.S516.1"	0.254	-1.88380032172999	0.492	0.153	0.508
"KH2013:KH.C4.412"	0.746	3.34277148658878	0.492	0.528	0.046
"KH2013:KH.C6.76_Y40B10A.2/6/7"	0.255	-2.47157352632082	0.49	0.062	0.538
"SLC25A33/36"	0.744	1.24011072172178	0.488	0.736	0.338
"CG5844"	0.744	1.50884968211002	0.488	0.646	0.169
"BAG3/4"	0.257	-1.10370215851898	0.486	0.868	0.908
"POP5"	0.743	1.22763494936705	0.486	0.868	0.569
"KH2013:KH.S643.6_CDKN1B"	0.742	1.19178899728124	0.484	0.847	0.446
"AEBP2"	0.259	-1.08073099320939	0.482	0.66	0.877
"PDE1C"	0.259	-1.53576210026046	0.482	0.361	0.723
"KH2013:KH.C3.588_ALDH5A1"	0.741	1.23597694367644	0.482	0.736	0.385
"KH2013:KH.C5.433"	0.739	2.22554889592576	0.478	0.535	0.062
"KH2013:KH.S406.20"	0.739	1.5614858224455	0.478	0.59	0.138
"PNPLA2/3/5"	0.262	-1.73775239579468	0.476	0.167	0.615
"KH2013:KH.S1022.3"	0.737	1.41567922847305	0.474	0.604	0.277
"KH2013:KH.C9.692_GABRR1/2/3"	0.735	1.07843379047077	0.47	0.764	0.4
"ERF"	0.266	-1.42122293838115	0.468	0.444	0.754
"CCDC66"	0.734	1.20099995833332	0.468	0.701	0.292
"KH2013:KH.L19.1_ROBO1/2"	0.734	2.39642154963897	0.468	0.597	0.2
"TMEM55A"	0.267	-1.57902139910443	0.466	0.479	0.815
"GABARAP"	0.268	-1.03303649323214	0.464	0.757	0.846
"KH2013:KH.C7.230"	0.732	1.09512167762077	0.464	0.66	0.215
"HS3ST3L"	0.269	-1.6433011873552	0.462	0.257	0.646
"ANXA13/7"	0.269	-3.35960827244582	0.462	0.062	0.508
"KH2013:KH.C9.182_AADAT"	0.731	1.42129962544094	0.462	0.611	0.154
"RARG"	0.271	-1.18028181490837	0.458	0.5	0.769
"KH2013:KH.C9.417_BX119910.1/10/11/12/13/14/16/2/3/4/5/6/7/8/9"	0.272	-2.46066605460939	0.456	0.062	0.508
"KH2013:KH.C5.110_RPN2"	0.728	1.06169886404546	0.456	0.556	0.108
"KH2013:KH.C12.669_PHEX"	0.727	1.39573179472674	0.454	0.66	0.231
"KH2013:KH.C1.1161_CCH1"	0.274	-1.74356295530428	0.452	0.306	0.662
"KH2013:KH.C3.202_EFNA1/2/3/4/5"	0.277	-1.12400643454108	0.446	0.382	0.723
"OTUD3"	0.723	1.29017333157404	0.446	0.653	0.215
"KH2013:KH.S404.8_HSP-16.1/11/2/41/48/49"	0.722	1.53014607031914	0.444	0.799	0.523
"KH2013:KH.L149.2_METTL24"	0.721	2.80547609514748	0.442	0.507	0.092
"KH2013:KH.S404.12_HSP-16.1/11/2/41/48/49"	0.721	1.35243166821702	0.442	0.861	0.692
"PXDN"	0.285	-1.41789080558189	0.43	0.243	0.631
"MYOM1/2/3"	0.286	-1.30878240278981	0.428	0.424	0.723
"TRIP11"	0.287	-1.9460354846629	0.426	0.146	0.523
"AGAP1/2/3/9"	0.289	-1.38689770034094	0.422	0.368	0.677
"PHLDA2/3"	0.289	-1.29278764879258	0.422	0.528	0.769
"MYOC"	0.29	-1.39061840368176	0.42	0.25	0.615
"ASS1"	0.71	1.41884640973813	0.42	0.583	0.2
"EPH"	0.291	-1.04909283947386	0.418	0.576	0.738
"RGS17/18/19/20"	0.708	1.5280972141024	0.416	0.528	0.123
"PLEK/2"	0.293	-2.27721519985412	0.414	0.139	0.523
"GRAMD1A"	0.293	-1.56569651939139	0.414	0.181	0.538
"FREM2"	0.293	-1.13757111026884	0.414	0.167	0.538
"KH2013:KH.C6.138"	0.707	1.97172018987352	0.414	0.514	0.123
"KH2013:KH.C9.384_MYLK"	0.707	2.41100830241956	0.414	0.528	0.169
"DUSP1/2/4/5"	0.295	-1.46111598764864	0.41	0.583	0.708
"KH2013:KH.C4.179"	0.703	1.12120354241398	0.406	0.576	0.185
"KH2013:KH.C4.226"	0.299	-1.01553819320193	0.402	0.486	0.769
"KH2013:KH.C9.40_GSTO1/2"	0.299	-1.51854435879374	0.402	0.222	0.585
"MAP1LC3B/2"	0.3	-1.02423143839412	0.4	0.674	0.8
"KH2013:KH.C9.366"	0.7	1.17563223158705	0.4	0.66	0.308
"PDE4D"	0.699	1.0524390268082	0.398	0.632	0.246
"WNT5B"	0.304	-2.00786316905241	0.392	0.153	0.508
"KH2013:KH.C9.216_PLAC8"	0.305	-1.05723554846654	0.39	0.618	0.754
"LGALS4/8/9"	0.695	1.98420298786166	0.39	0.507	0.138
"KH2013:KH.C2.360"	0.308	-1.08858586694559	0.384	0.361	0.554
"RGS12"	0.692	1.39081208078873	0.384	0.535	0.154
"KH2013:KH.L116.92_ATP2A1/2"	0.691	1.2577588609429	0.382	0.771	0.677
"DAPK1/2/3"	0.312	-1.92090528367426	0.376	0.181	0.508
"MYL10/2/5/7"	0.312	-1.35638015227645	0.376	0.417	0.646
"SUFU"	0.313	-1.02906342211421	0.374	0.632	0.785
"KH2013:KH.L47.10"	0.314	-1.68453841778254	0.372	0.326	0.585
"C11ORF30"	0.685	1.02933911609637	0.37	0.618	0.262
"TANC1/2"	0.319	-1.12535733443447	0.362	0.312	0.569
"BTB-17"	0.319	-1.61368971916548	0.362	0.243	0.569
"HSD17B7"	0.68	1.08402108762387	0.36	0.653	0.338
"KH2013:KH.C5.637_SLC35E3"	0.679	1.04011971456888	0.358	0.59	0.277
"ABI3BP"	0.679	1.14184745309113	0.358	0.646	0.338
"IP6K1/2/3"	0.678	1.025785965555	0.356	0.514	0.169
"KH2013:KH.C1.33_CG13759"	0.676	1.02869814448136	0.352	0.583	0.231
"TDRD7"	0.676	1.09186924744601	0.352	0.542	0.215
"KH2013:KH.C7.476_CHRNB1"	0.675	1.36431868210725	0.35	0.535	0.231
"KH2013:KH.C7.695_CYP24A1"	0.325	-1.19619838514103	0.35	0.299	0.6
"FAM122B"	0.674	1.02349246707013	0.348	0.562	0.262
"SBDS"	0.67	1.03537395537181	0.34	0.618	0.323
"SLC25A44"	0.67	1.04095474066806	0.34	0.562	0.215
"KH2013:KH.S735.2_EPN1/2"	0.331	-1.01089035096295	0.338	0.438	0.662
"KH2013:KH.C11.322_SLC17A5"	0.337	-1.25128832671084	0.326	0.465	0.569
"KH2013:KH.C6.222"	0.66	1.05970847919722	0.32	0.535	0.215
"ACACA"	0.343	-1.20362507269709	0.314	0.264	0.538
"KH2013:KH.L144.11"	0.343	-1.42486790423505	0.314	0.34	0.585
"SREBF1/2"	0.345	-1.19299228676972	0.31	0.458	0.662
"KH2013:KH.C8.649_ACTA1/2"	0.652	1.31106991743087	0.304	0.757	0.6
"MICALL1/2"	0.644	2.91636353488601	0.288	0.514	0.246
"RHOU"	0.357	-1.0644517735918	0.286	0.375	0.585
"CASKIN1/2"	0.359	-1.15793745761445	0.282	0.312	0.554
"KH2013:KH.C2.668_SLC38A9"	0.362	-1.17229519325839	0.276	0.34	0.523
"GGT1/2"	0.363	-1.68837909248848	0.274	0.354	0.523
"CADM1/2/3/4"	0.364	-1.24577023097517	0.272	0.361	0.538
"KH2013:KH.C2.204_PDLIM5/7"	0.378	-1.0264792657948	0.244	0.41	0.554
"Ci-Actin;"	0.621	1.03382870981699	0.242	0.812	0.831
"BAHD1"	0.383	-1.03633502189167	0.234	0.389	0.508
"KH2013:KH.C5.129"	0.384	-1.11028900849784	0.232	0.403	0.508
"KH2013:KH.C1.421_ABAT"	0.391	-1.11996086831244	0.218	0.375	0.538
"NTAN1"	0.58	1.35075797053797	0.16	0.903	0.769
"PSMD14"	0.446	4.09666124481237	0.108	0.924	0.938
"SMEK1/2"	0.491	-1.31515024837289	0.018	0.674	0.6
