"myAUC"	"avg_diff"	"power"	"pct.1"	"pct.2"
"KH2013:KH.C11.139"	0.007	-4.45936915251037	0.986	0.222	0.993
"KH2013:KH.C4.506_HMCN1"	0.007	-2.63733213622084	0.986	0.833	1
"KH2013:KH.L25.4"	0.008	-4.12665972087144	0.984	0.097	0.993
"DCDC2B"	0.016	-3.52835801248546	0.968	0.208	0.986
"KH2013:KH.C5.62_ODF3L2"	0.018	-3.62411110523015	0.964	0.153	0.986
"KH2013:KH.C2.994_RNF149"	0.977	2.28507302027296	0.954	0.993	0.785
"UBE2QL1"	0.035	-2.91823014723238	0.93	0.333	0.972
"BDH1"	0.035	-2.63193225245438	0.93	0.292	0.986
"EBF1/2/3/4"	0.036	-2.498636142107	0.928	0.194	1
"SLIT1/2/3"	0.961	3.3585797787486	0.922	0.965	0.229
"NKX2-3"	0.959	3.26136188072121	0.918	0.958	0.146
"KH2013:KH.C5.522_SLC6A13"	0.045	-3.60096984434371	0.91	0.104	0.931
"KH2013:KH.C1.738_CG9550"	0.953	1.85823270596438	0.906	0.993	0.84
"KH2013:KH.L18.10_THSD7A"	0.048	-2.49741888275429	0.904	0.229	0.972
"KH2013:KH.S1269.1"	0.049	-2.14785530646706	0.902	0.451	0.993
"KH2013:KH.C3.665_ZAN"	0.951	3.36914858071972	0.902	0.951	0.465
"GATA4/5/6"	0.951	3.22416382143945	0.902	0.944	0.229
"SCP1"	0.05	-2.86263012237181	0.9	0.16	0.958
"KH2013:KH.C8.892_TUB1/3"	0.051	-2.41251134665747	0.898	0.562	0.993
"NOVA1/2"	0.052	-2.16802938133588	0.896	0.368	1
"MMP14/15/16/24"	0.055	-2.3104743045691	0.89	0.243	0.979
"SLC35G2/6"	0.059	-4.09118850771679	0.882	0.104	0.903
"MYO10"	0.065	-3.04963172212281	0.87	0.09	0.889
"QKI"	0.933	1.99277574739035	0.866	0.986	0.771
"KH2013:KH.C6.201"	0.072	-3.90263501715466	0.856	0.062	0.875
"KH2013:KH.C10.174"	0.927	2.97163782613456	0.854	0.917	0.243
"KH2013:KH.C2.514_ENPP1/2/3"	0.927	1.03061687163625	0.854	1	1
"SI:CH211-151O1.2"	0.074	-2.78569475073408	0.852	0.174	0.903
"Ci-R1CiGC09b24;"	0.074	-1.76294605757985	0.852	0.868	0.986
"KH2013:KH.C8.782_LPHN1/2/3"	0.074	-2.00429712899119	0.852	0.618	0.986
"RBFOX1/2/3"	0.075	-1.94038658188158	0.85	0.75	1
"ARHGAP22/24/25"	0.075	-3.04097795652713	0.85	0.146	0.896
"KH2013:KH.C5.553_FMO1"	0.082	-3.0472919059895	0.836	0.132	0.889
"FGF16/20/22/3/9"	0.083	-2.05394257127861	0.834	0.333	0.979
"LRP4/8"	0.915	2.5582662189519	0.83	0.889	0.111
"KH2013:KH.C8.146"	0.085	-2.2304329489946	0.83	0.375	0.944
"PALLD"	0.086	-2.2510923447638	0.828	0.215	0.951
"TIMP1/2/3/4"	0.087	-2.91577802239099	0.826	0.236	0.903
"UNC5A"	0.913	1.61089117332958	0.826	1	0.757
"PCBP3"	0.09	-1.81318710482858	0.82	0.312	0.965
"KH2013:KH.C9.650_SULT1ST1/2/3/4"	0.91	1.51044499465877	0.82	0.993	0.861
"KH2013:KH.C5.127_FMO1"	0.093	-2.76944531893961	0.814	0.132	0.868
"KH2013:KH.C2.209_CALM1/3"	0.903	2.22647817677867	0.806	0.944	0.5
"FRS2/3"	0.103	-1.81151740959998	0.794	0.549	0.972
"KH2013:KH.L22.65"	0.104	-3.08427231962576	0.792	0.125	0.84
"KH2013:KH.C7.805_ID1/2/3/4"	0.107	-1.44279523129562	0.786	0.84	0.986
"KH2013:KH.L170.64"	0.111	-2.78284061379046	0.778	0.035	0.771
"KH2013:KH.C4.547_BMP2/4"	0.884	3.02025597954078	0.768	0.84	0.194
"IRX4/6"	0.117	-1.76805915033584	0.766	0.299	0.944
"CG15828"	0.882	1.07211534634464	0.764	1	0.972
"ELK1/3/4"	0.12	-1.88847411402658	0.76	0.264	0.917
"KH2013:KH.C11.378_CLDN1/10/14/19/2/3/4/5/6/7/9"	0.88	1.79981556836697	0.76	0.972	0.944
"NAV1"	0.879	2.70734810671842	0.758	0.799	0.118
"GEL"	0.122	-2.20042409041458	0.756	0.222	0.868
"KH2013:KH.C2.935_S1PR1/2/3/4/5"	0.875	1.98590926518593	0.75	0.91	0.41
"KH2013:KH.C3.716_EFNA1/2/3/4/5"	0.872	2.30062235971605	0.744	0.868	0.285
"FOXG1"	0.872	2.04678556659606	0.744	0.889	0.312
"RBM24/38"	0.129	-3.32437327264789	0.742	0.083	0.785
"SH3BGR"	0.87	2.28451513141493	0.74	0.875	0.375
"CDK5R1/2"	0.132	-2.74128422002868	0.736	0.125	0.812
"KH2013:KH.C1.953_CG32702"	0.867	3.92929442580019	0.734	0.778	0.125
"KH2013:KH.C1.479_NEB"	0.864	2.04576281555449	0.728	0.889	0.5
"GALNT4"	0.137	-2.08057951464179	0.726	0.236	0.861
"HLH-4"	0.137	-1.63058469238895	0.726	0.472	0.951
"KH2013:KH.L76.5"	0.137	-2.4086033613187	0.726	0.264	0.833
"BMP5/6/7"	0.862	3.20940049351081	0.724	0.799	0.201
"KH2013:KH.C4.391_FRMD4A"	0.862	1.86682560418823	0.724	0.917	0.431
"KHK"	0.139	-2.41195393130233	0.722	0.132	0.812
"HUNK"	0.14	-1.32709882529159	0.72	0.681	0.986
"EFNB1/2/3"	0.86	2.31604426322687	0.72	0.833	0.215
"SEPT12/3/9"	0.142	-1.68585184014102	0.716	0.299	0.91
"KH2013:KH.C1.50_CHDH"	0.858	1.40374290358914	0.716	0.958	0.896
"MOGAT1/2"	0.857	2.63032313666113	0.714	0.819	0.257
"GPR37"	0.857	2.04063809667879	0.714	0.896	0.396
"KH2013:KH.L154.26_CSMD2"	0.144	-1.60036322419782	0.712	0.431	0.938
"KH2013:KH.L18.114_CHDH"	0.145	-1.14724659738392	0.71	0.694	0.986
"SCYL"	0.855	2.01456655689142	0.71	0.875	0.403
"KH2013:KH.C7.205_ASB2"	0.854	2.65520982068067	0.708	0.806	0.299
"RHOF"	0.147	-1.0699361557556	0.706	0.764	0.993
"KH2013:KH.C12.84_TRIM2"	0.851	1.37691516588827	0.702	0.951	0.681
"NAB1/2"	0.152	-1.44936176904874	0.696	0.389	0.938
"TAOK1/2/3"	0.848	1.27204533194609	0.696	0.958	0.882
"KH2013:KH.C3.414_UBE2J1"	0.153	-2.03396677009824	0.694	0.181	0.819
"FSCN1/2"	0.155	-1.37415062905319	0.69	0.479	0.965
"KH2013:KH.C4.125_BMP2/4"	0.845	2.13374953765566	0.69	0.875	0.389
"KH2013:KH.C14.401"	0.156	-4.11934121136696	0.688	0.028	0.701
"TIMP4"	0.156	-1.4945511774643	0.688	0.458	0.91
"IPMK"	0.156	-1.29652764672566	0.688	0.444	0.944
"LRRC4C"	0.844	3.02575675569161	0.688	0.771	0.188
"IRX1/2/3/5"	0.157	-1.74290342777295	0.686	0.118	0.639
"CAPN1/11/2/3/8/9"	0.157	-1.5861099580791	0.686	0.542	0.944
"C01B12.3/5"	0.158	-2.30794481970612	0.684	0.097	0.75
"KH2013:KH.C9.161"	0.842	1.87581542663238	0.684	0.875	0.424
"RAPSN"	0.159	-2.679419642743	0.682	0.049	0.694
"PRODH/2"	0.841	1.34531704517304	0.682	0.972	0.729
"KH2013:KH.C8.467_SRP-1/2/3/6/7/8"	0.841	1.15639575069307	0.682	0.986	0.944
"KH2013:KH.L48.1"	0.162	-1.22659508201546	0.676	0.792	0.979
"KH2013:KH.C2.1142"	0.165	-2.83777486195965	0.67	0.035	0.694
"NUS1"	0.166	-1.53917208524424	0.668	0.41	0.896
"DGKH"	0.166	-1.65157344216958	0.668	0.181	0.785
"PIM1/3"	0.168	-1.44342994268186	0.664	0.271	0.826
"MYF5"	0.168	-2.77216776349381	0.664	0.16	0.75
"TNS1/3"	0.831	1.65274030120185	0.662	0.91	0.576
"Ci-tune"	0.831	1.48062362039322	0.662	0.924	0.639
"MYO-1/2/3/5"	0.17	-2.46608388287264	0.66	0.042	0.625
"HAND/1/2"	0.829	1.59410526518516	0.658	0.882	0.493
"KH2013:KH.C4.359_GPA33"	0.828	1.32368280742871	0.656	0.979	0.84
"KH2013:KH.C2.769"	0.174	-2.33075991011345	0.652	0.062	0.674
"KH2013:KH.C11.122_SLC17A5"	0.825	1.09789720069283	0.65	0.986	0.91
"MTDH"	0.824	1.12159259650239	0.648	1	0.986
"KH2013:KH.C9.223_CDC42"	0.177	-1.5369220769149	0.646	0.299	0.819
"SERPINB6C"	0.178	-2.52240811240545	0.644	0.104	0.715
"COL6A1/2/3/5/6"	0.178	-3.67448173205069	0.644	0.028	0.646
"KH2013:KH.C3.354"	0.179	-1.46523156829407	0.642	0.361	0.868
"GLI1/2/3"	0.82	2.31252111273933	0.64	0.667	0.076
"ATF3"	0.181	-2.35839130120492	0.638	0.097	0.715
"CALD1"	0.182	-1.17505046283706	0.636	0.743	0.958
"NAV1/2/3"	0.182	-1.20546910779475	0.636	0.743	0.972
"KH2013:KH.S1022.1_SLC20A2"	0.184	-1.44466275798928	0.632	0.507	0.951
"KCND1/2/3"	0.185	-1.22501691240852	0.63	0.368	0.868
"KH2013:KH.C10.124"	0.185	-2.02150829464461	0.63	0.069	0.674
"CALML6"	0.185	-3.81597165767117	0.63	0.056	0.667
"KH2013:KH.C7.388_CHRNB1"	0.185	-2.83358689678489	0.63	0.153	0.674
"KH2013:KH.C8.80_SI:DKEY-29D8.3"	0.813	1.19315174011749	0.626	0.979	0.854
"ALPPL2"	0.812	2.86138012877033	0.624	0.701	0.16
"KH2013:KH.C3.191_WBSCR27"	0.809	2.38048630329317	0.618	0.764	0.333
"KH2013:KH.C1.21_CG2781"	0.192	-1.11960714680394	0.616	0.722	0.979
"S1PR1/4"	0.193	-3.27903565990971	0.614	0.083	0.66
"ZBTB10/46"	0.194	-1.03986641395636	0.612	0.806	0.986
"KH2013:KH.C5.227_F56C4.4"	0.805	1.74312289746092	0.61	0.979	0.979
"KH2013:KH.L141.42_CILP/2"	0.195	-2.36774714597776	0.61	0.083	0.674
"KH2013:KH.L96.11_TLE1/2/3/4"	0.195	-1.17077091497403	0.61	0.146	0.688
"FOXF1/2"	0.804	1.62508969945316	0.608	0.847	0.375
"Ci-R1CiGC27a04"	0.804	3.4837477822846	0.608	0.674	0.125
"KCNIP1/2/3/4"	0.198	-3.26848616954848	0.604	0.069	0.646
"LYS2"	0.801	2.23631793844109	0.602	0.694	0.181
"NKD1/2/3"	0.199	-1.16781307278587	0.602	0.486	0.903
"KH2013:KH.L170.62_SORD"	0.199	-3.65202789039213	0.602	0.028	0.611
"KH2013:KH.C11.217_SLC17A5"	0.8	1.17951209275144	0.6	0.924	0.667
"SPECC1"	0.8	1.73333834354522	0.6	0.861	0.625
"TMSB15A"	0.201	-1.29775254025749	0.598	0.319	0.833
"KH2013:KH.C5.48"	0.798	2.95656169605546	0.596	0.66	0.09
"SFRP1/5"	0.798	3.35829998285205	0.596	0.639	0.076
"KH2013:KH.C11.482"	0.797	1.35390164988783	0.594	0.875	0.625
"KH2013:KH.C8.489_SI:DKEY-29D8.3"	0.797	1.98436631035256	0.594	0.771	0.306
"SNX11"	0.797	2.61548825197674	0.594	0.681	0.16
"TMTC2"	0.204	-2.53538678712039	0.592	0.056	0.604
"TMSB15B1/2"	0.204	-1.5565742357599	0.592	0.215	0.764
"MCU"	0.205	-1.28085872404013	0.59	0.472	0.875
"NHS"	0.794	2.00075961164215	0.588	0.764	0.292
"KH2013:KH.C8.164"	0.207	-1.43501179744905	0.586	0.271	0.812
"NTN1/2/3/5"	0.793	4.07327941676051	0.586	0.611	0.049
"KH2013:KH.C2.436_FUT8"	0.793	2.43209519955896	0.586	0.688	0.167
"FAM176C"	0.793	1.40540771404796	0.586	0.889	0.562
"RASSF10A"	0.792	1.37034056320025	0.584	0.854	0.458
"KH2013:KH.S1440.1_ACTA1/2"	0.209	-1.14272105391296	0.582	0.84	0.979
"TCF7L1/2"	0.79	1.36252410496466	0.58	0.917	0.736
"RORB"	0.788	1.00610737107168	0.576	0.958	0.715
"KH2013:KH.C6.163_FLRT1/2/3"	0.213	-1.52240152496483	0.574	0.25	0.771
"KH2013:KH.C11.32"	0.215	-3.45434209197251	0.57	0.042	0.597
"GAL3ST1/4"	0.785	2.98217789082907	0.57	0.646	0.146
"IGF1/2"	0.784	2.91331478907296	0.568	0.632	0.097
"C19ORF45"	0.217	-3.22722405660807	0.566	0.042	0.583
"ANO1/3/4/5/6/7"	0.217	-1.96852668022874	0.566	0.097	0.653
"DHCR7"	0.218	-2.15952128665186	0.564	0.201	0.701
"KCNH2/6/7"	0.782	2.41018379036364	0.564	0.632	0.125
"SPRY1/2/3/4"	0.219	-1.06895384577789	0.562	0.417	0.896
"DLK1/2"	0.22	-1.14731249327764	0.56	0.625	0.944
"KH2013:KH.C4.226"	0.778	1.5251702404274	0.556	0.847	0.486
"KH2013:KH.L153.15"	0.778	2.4879320705636	0.556	0.604	0.076
"C5ORF48"	0.777	2.74369469795391	0.554	0.632	0.125
"KH2013:KH.C10.203"	0.776	2.69198619142748	0.552	0.646	0.153
"SPSB1/4"	0.775	1.27728104273969	0.55	0.986	0.903
"CAPN3/8"	0.227	-1.2433320985383	0.546	0.271	0.778
"KH2013:KH.S2435.1_ASB2"	0.772	2.03262847834692	0.544	0.507	0.139
"ACVR1B"	0.77	1.20194079190782	0.54	0.896	0.722
"DCTN6"	0.77	1.57866835831221	0.54	0.826	0.576
"KH2013:KH.C14.245_TMED6"	0.769	1.96994336873295	0.538	0.743	0.354
"KH2013:KH.S1697.1"	0.232	-2.45755775466132	0.536	0.056	0.528
"KCNJ12/14/18/2/4"	0.233	-1.55118718305562	0.534	0.306	0.743
"ATP10B"	0.234	-1.30190618407893	0.532	0.188	0.66
"PCTP"	0.766	1.86707241492049	0.532	0.681	0.243
"NACP60E"	0.235	-1.53044862035293	0.53	0.132	0.611
"KH2013:KH.S346.6_CTGF"	0.235	-1.19103010556803	0.53	0.312	0.771
"KH2013:KH.C9.319_PKD2"	0.238	-1.04458124916842	0.524	0.479	0.847
"KH2013:KH.C4.517_HMCN1"	0.24	-1.73388592623954	0.52	0.118	0.625
"KH2013:KH.C1.509"	0.242	-4.55871707603308	0.516	0.007	0.521
"C14ORF159"	0.244	-3.37626161434861	0.512	0.035	0.535
"KH2013:KH.S643.6_CDKN1B"	0.244	-1.38713229321925	0.512	0.444	0.847
"KH2013:KH.C7.216"	0.754	1.23597003830462	0.508	0.833	0.535
"DDR/1/2"	0.754	1.45694630370991	0.508	0.75	0.424
"MYOM1/2/3"	0.753	1.34225321700742	0.506	0.771	0.424
"RBMS1/2/3"	0.753	1.02894615737954	0.506	0.924	0.757
"ERF"	0.752	1.48347384958471	0.504	0.792	0.444
"CISH"	0.752	2.22121323565272	0.504	0.59	0.097
"KH2013:KH.S406.20"	0.249	-1.56837494244139	0.502	0.104	0.59
"KH2013:KH.C5.299_CAPSL"	0.751	1.75012379072774	0.502	0.701	0.34
"KH2013:KH.C7.230"	0.25	-1.03747584339887	0.5	0.194	0.66
"HES1/2/4"	0.75	1.50167791551835	0.5	0.542	0.062
"KH2013:KH.C3.202_EFNA1/2/3/4/5"	0.749	1.34432095460105	0.498	0.764	0.382
"SMURF1/2"	0.253	-1.02213892218682	0.494	0.486	0.875
"WNT10A"	0.746	4.21437810989138	0.492	0.507	0.028
"FREM2/3"	0.746	2.34691752110745	0.492	0.514	0.056
"KH2013:KH.C3.588_ALDH5A1"	0.256	-1.24205757171207	0.488	0.375	0.736
"KH2013:KH.C4.412"	0.256	-3.15208708982313	0.488	0.049	0.528
"WNT9B"	0.744	3.52900361744174	0.488	0.528	0.076
"HS3ST3L"	0.742	1.7968196319518	0.484	0.66	0.257
"NR4A1/3"	0.742	2.2501418832624	0.484	0.514	0.056
"DCTN5"	0.259	-1.09719573935705	0.482	0.382	0.764
"TMEM55A"	0.74	1.429788779872	0.48	0.806	0.479
"KH2013:KH.L19.1_ROBO1/2"	0.262	-2.23778399650033	0.476	0.174	0.597
"RECK"	0.262	-1.16462323789272	0.476	0.111	0.597
"KH2013:KH.C2.22"	0.737	1.78886948950764	0.474	0.667	0.34
"CG5844"	0.265	-1.45923871049401	0.47	0.208	0.646
"KH2013:KH.L149.2_METTL24"	0.268	-3.21568090164174	0.464	0.069	0.507
"KH2013:KH.C11.362"	0.732	2.29102445251889	0.464	0.597	0.208
"BAG3/4"	0.732	1.04676051206275	0.464	0.924	0.868
"KH2013:KH.C12.376_Ci-cluster"	0.73	2.03597842118509	0.46	0.597	0.194
"ADD1/2/3"	0.73	1.13024184282401	0.46	0.889	0.729
"KH2013:KH.C14.206_IRC24"	0.729	1.10245349020139	0.458	0.833	0.569
"HMGA2"	0.272	-1.28257288636127	0.456	0.174	0.583
"MMP21"	0.728	3.34015988751319	0.456	0.507	0.069
"ECE1/2"	0.273	-1.01845784658234	0.454	0.549	0.84
"YKR070W"	0.727	1.20467242956019	0.454	0.847	0.66
"CG5639"	0.274	-1.00734240016545	0.452	0.438	0.799
"KH2013:KH.L170.56_C2ORF89"	0.725	1.62098636980235	0.45	0.528	0.153
"KH2013:KH.S1442.1"	0.725	1.47516875635544	0.45	0.715	0.403
"KH2013:KH.C10.1"	0.276	-1.37609552734841	0.448	0.215	0.604
"LRTM1/2"	0.277	-1.66250675024886	0.446	0.104	0.535
"KH2013:KH.C5.433"	0.28	-1.49477362815525	0.44	0.111	0.535
"SYNE1/2"	0.718	1.18295675999775	0.436	0.833	0.785
"SLC4A10/7/8"	0.718	1.04128714624126	0.436	0.861	0.597
"OTUD3"	0.283	-1.17490174413215	0.434	0.229	0.653
"KH2013:KH.C8.649_ACTA1/2"	0.283	-1.78130816385219	0.434	0.493	0.757
"PARD3"	0.717	1.20035755602401	0.434	0.75	0.507
"BX005256.5"	0.714	1.70206432143298	0.428	0.708	0.458
"KH2013:KH.C12.669_PHEX"	0.287	-1.30718295840178	0.426	0.25	0.66
"KH2013:KH.L13.12_EML1/2/4"	0.29	-1.06245667866729	0.42	0.34	0.708
"KH2013:KH.C5.110_RPN2"	0.291	-1.10130966525731	0.418	0.153	0.556
"KH2013:KH.C9.366"	0.294	-1.1011786969506	0.412	0.292	0.66
"NRBP1/2"	0.706	1.11437341847337	0.412	0.861	0.681
"KH2013:KH.C9.384_MYLK"	0.296	-1.92048841908288	0.408	0.153	0.528
"KH2013:KH.L116.92_ATP2A1/2"	0.296	-1.1803753414165	0.408	0.618	0.771
"PLEK/2"	0.704	2.28309205037081	0.408	0.507	0.139
"Y56A3A.30"	0.703	1.02578847859867	0.406	0.785	0.535
"KH2013:KH.C11.322_SLC17A5"	0.7	1.15611188360866	0.4	0.681	0.465
"SOX11/12/4"	0.7	1.07168455736064	0.4	0.743	0.493
"KH2013:KH.C6.138"	0.301	-1.65644022232874	0.398	0.132	0.514
"MYO18A"	0.699	1.02081404737277	0.398	0.812	0.708
"LGALS4/8/9"	0.302	-1.98350742139776	0.396	0.132	0.507
"KH2013:KH.C9.101"	0.698	1.38904304216006	0.396	0.632	0.312
"PLEKHG4"	0.696	1.06258358609024	0.392	0.764	0.604
"KH2013:KH.C7.476_CHRNB1"	0.305	-1.65796471209564	0.39	0.181	0.535
"PDE1C"	0.69	1.24577055567107	0.38	0.646	0.361
"RGS17/18/19/20"	0.311	-1.27082385936785	0.378	0.167	0.528
"RGS12"	0.312	-1.15952748358336	0.376	0.153	0.535
"ASS1"	0.313	-1.05857697975074	0.374	0.229	0.583
"Ci-Actin;"	0.314	-1.44131752085694	0.372	0.701	0.812
"KH2013:KH.S725.5"	0.685	1.46231581789566	0.37	0.625	0.361
"KH2013:KH.C2.668_SLC38A9"	0.684	1.30682831047378	0.368	0.611	0.34
"KH2013:KH.C3.232"	0.684	1.03449282606403	0.368	0.826	0.653
"KH2013:KH.C9.40_GSTO1/2"	0.684	1.68122666436996	0.368	0.542	0.222
"PNPLA2/3/5"	0.683	1.52879615803237	0.366	0.514	0.167
"PHLDA2/3"	0.68	1.07956104533802	0.36	0.743	0.528
"ODZ1/2/3/4"	0.68	1.18587307876521	0.36	0.729	0.528
"KH2013:KH.C1.44"	0.322	-1.25647658262777	0.356	0.299	0.583
"KH2013:KH.C11.542_CD63"	0.674	1.03886989447862	0.348	0.674	0.396
"ANK1/2/3"	0.671	1.71137055612331	0.342	0.521	0.257
"PXDN"	0.665	1.12040501527187	0.33	0.528	0.243
"TNFAIP8L1/2/3"	0.335	-1.1341777185883	0.33	0.181	0.507
"CELF3/4/5/6"	0.663	1.25917461698816	0.326	0.514	0.222
"DACH1/2"	0.661	1.42661556991095	0.322	0.535	0.271
"KH2013:KH.C1.638_C17ORF105"	0.658	1.09935427516872	0.316	0.583	0.361
"KH2013:KH.C6.222"	0.344	-1.1893045206176	0.312	0.25	0.535
"BTB-17"	0.653	1.50688474020393	0.306	0.514	0.243
"KH2013:KH.C10.566"	0.652	1.46960753860901	0.304	0.542	0.299
"MYOC"	0.652	1.28337387872367	0.304	0.521	0.25
"GM1840"	0.638	1.01018439931317	0.276	0.646	0.514
"GGT1/2"	0.621	1.37914513860689	0.242	0.521	0.354
"AGAP1/2/3/9"	0.619	1.04270541935901	0.238	0.521	0.368
"KH2013:KH.C4.467_MUP1/3"	0.619	1.04890283043085	0.238	0.507	0.333
"TBX1/10"	0.614	1.21726634954896	0.228	0.521	0.368
"KH2013:KH.C1.421_ABAT"	0.611	1.06099296867352	0.222	0.535	0.375
"ZNRD1"	0.41	1.4478646519456	0.18	0.347	0.542
"MICALL1/2"	0.415	-2.4169887376953	0.17	0.333	0.514
"DUSP1/2/4/5"	0.574	1.01552963900008	0.148	0.569	0.583
"NTAN1"	0.437	-1.26227943366016	0.126	0.757	0.903
"PSMD14"	0.494	-4.22538227785673	0.012	0.882	0.924
