"myAUC"	"avg_diff"	"power"	"pct.1"	"pct.2"
"Ci-R1CiGC27a04"	0.055	-2.55014343987807	0.89	0.443	0.954
"KH2013:KH.C5.227_F56C4.4"	0.078	-1.58309582999771	0.844	0.962	1
"MMP21"	0.08	-3.61444817014129	0.84	0.203	0.877
"COL13A1"	0.109	-2.81026315960116	0.782	0.19	0.846
"FRAS1"	0.113	-2.28780757757422	0.774	0.19	0.831
"KH2013:KH.C4.547_BMP2/4"	0.113	-1.34208097944946	0.774	0.722	0.985
"KH2013:KH.C1.638_C17ORF105"	0.861	2.08041825545424	0.722	0.861	0.246
"KH2013:KH.C10.203"	0.143	-1.75877981842891	0.714	0.418	0.923
"SMYD1"	0.152	-1.75726327104364	0.696	0.506	0.923
"SMTN"	0.162	-1.2386891248438	0.676	0.848	0.985
"BX005256.5"	0.163	-1.66724274987661	0.674	0.519	0.938
"C5ORF48"	0.164	-1.65599188030819	0.672	0.418	0.892
"SFRP1/5"	0.165	-1.3695411089488	0.67	0.405	0.923
"NTN1/2/3/5"	0.171	-1.38331355665466	0.658	0.38	0.892
"KH2013:KH.C1.1083_EPHA10/2/3/4/5/6/7/8"	0.173	-2.50788960197772	0.654	0.089	0.708
"LAMA1/2"	0.175	-1.62837377144711	0.65	0.165	0.738
"ISL1/2"	0.181	-1.54975989458071	0.638	0.342	0.846
"FOXP1/2/4"	0.186	-2.02266701128654	0.628	0.203	0.769
"KH2013:KH.C1.953_CG32702"	0.193	-1.21156036199153	0.614	0.646	0.938
"KH2013:KH.C12.244"	0.199	-1.64134888362344	0.602	0.266	0.785
"KH2013:KH.C3.191_WBSCR27"	0.204	-1.21123868147903	0.592	0.62	0.938
"KH2013:KH.C1.1161_CCH1"	0.205	-2.2530706441604	0.59	0.127	0.662
"ODZ1/2/3/4"	0.208	-1.02800049608682	0.584	0.582	0.908
"DACH1/2"	0.788	1.96085546003454	0.576	0.734	0.292
"ERG5"	0.214	-1.95004617836685	0.572	0.278	0.738
"MATN1/3/4"	0.786	3.20529730631714	0.572	0.633	0.138
"PPAP2B"	0.784	1.53695139952037	0.568	0.886	0.585
"MYLK2/3/4"	0.227	-4.08076683717154	0.546	0.051	0.569
"KH2013:KH.S2435.1_ASB2"	0.228	-1.23533610742177	0.544	0.304	0.754
"KH2013:KH.L96.80_SLC5A12/8"	0.244	-2.1868355983306	0.512	0.241	0.646
"JAG1/2"	0.245	-1.79992548549121	0.51	0.241	0.662
"DSEL"	0.245	-1.32313069249034	0.51	0.443	0.8
"KH2013:KH.L18.101_MEGF6"	0.26	-1.05345311021985	0.48	0.481	0.892
"PLEKHA4/5/6"	0.263	-1.32562948772393	0.474	0.278	0.708
"WNT10A"	0.265	-1.24199451370595	0.47	0.342	0.708
"KH2013:KH.L20.50"	0.269	-1.79935809065537	0.462	0.114	0.569
"KH2013:KH.C10.566"	0.273	-1.3612904026931	0.454	0.38	0.738
"KH2013:KH.C10.172"	0.724	1.01810287359445	0.448	0.759	0.369
"KH2013:KH.C1.862"	0.279	-1.41707546684084	0.442	0.165	0.585
"WNT9B"	0.279	-1.2360362063622	0.442	0.354	0.738
"KH2013:KH.C5.356_F23F1.6"	0.281	-1.15669880794748	0.438	0.468	0.785
"KH2013:KH.C9.417_BX119910.1/10/11/12/13/14/16/2/3/4/5/6/7/8/9"	0.284	-2.25459039786536	0.432	0.101	0.508
"KH2013:KH.L106.3"	0.284	-2.35784870603447	0.432	0.165	0.538
"KH2013:KH.C11.288_ITLN3"	0.295	-1.15409272125736	0.41	0.316	0.692
"MYL10/2/5/7"	0.296	-1.15803831744409	0.408	0.291	0.646
"KH2013:KH.C9.186_PLCD1/3/4"	0.297	-1.25309328667982	0.406	0.19	0.585
"DAPK1/2/3"	0.298	-2.21651442009347	0.404	0.152	0.508
"FSCN1/2"	0.303	-1.29447588637379	0.394	0.354	0.631
"TIMP4"	0.695	1.52548414811771	0.39	0.608	0.277
"DUSP1/2/4/5"	0.307	-1.06532672480286	0.386	0.456	0.708
"SPINK1/2"	0.689	1.2257286831802	0.378	0.57	0.215
"KH2013:KH.L154.26_CSMD2"	0.686	1.96901005635645	0.372	0.557	0.277
"MIG3"	0.684	1.05607829426055	0.368	0.57	0.231
"KANK1/2/3/4"	0.684	1.1394404756862	0.368	0.595	0.262
"CISH"	0.318	-1.1410237264116	0.364	0.481	0.723
"NVL"	0.68	1.00993955220481	0.36	0.747	0.554
"KH2013:KH.L153.109"	0.68	1.17024940604241	0.36	0.595	0.246
"C12ORF52"	0.679	1.33213691997468	0.358	0.557	0.292
"ANXA13/7"	0.322	-1.76812365396985	0.356	0.19	0.508
"KH2013:KH.S1269.1"	0.672	1.29568441276965	0.344	0.582	0.292
"KH2013:KH.L144.11"	0.328	-1.21947491777264	0.344	0.266	0.585
"KH2013:KH.S1140.1_GPM6B"	0.67	1.05083507451471	0.34	0.671	0.415
"KH2013:KH.L47.10"	0.332	-1.37179697555347	0.336	0.354	0.585
"KH2013:KH.C5.48"	0.337	-1.01894763887947	0.326	0.608	0.723
"TBX1/10"	0.661	1.13479576399546	0.322	0.633	0.385
"GPR89B"	0.656	1.01324933225196	0.312	0.519	0.231
"KH2013:KH.S404.8_HSP-16.1/11/2/41/48/49"	0.654	1.20863292644704	0.308	0.747	0.523
"MXRA7"	0.653	1.00608062084751	0.306	0.759	0.6
"COPS2"	0.646	1.083980496533	0.292	0.519	0.292
"KH2013:KH.L153.70_SON"	0.645	1.14904377176373	0.29	0.734	0.554
"KH2013:KH.S404.12_HSP-16.1/11/2/41/48/49"	0.643	1.08820740567342	0.286	0.823	0.692
"KH2013:KH.C8.649_ACTA1/2"	0.359	-1.1514169071675	0.282	0.405	0.6
"KH2013:KH.C9.692_GABRR1/2/3"	0.64	1.00274011548877	0.28	0.595	0.4
"POP5"	0.64	1.16600011758279	0.28	0.684	0.569
"PARP2"	0.365	-1.00856468649143	0.27	0.291	0.508
"TRIP11"	0.377	-1.02007294012291	0.246	0.354	0.523
"KH2013:KH.S1440.1_ACTA1/2"	0.606	1.16036306272735	0.212	0.835	0.846
"RBM15B"	0.487	-4.21072835129307	0.026	0.646	0.662
"PIGT"	0.502	-5.37440143651952	0.004	0.57	0.523
